Hex irot slope values

a CCW
0 [0.57, -0.58, 0.58, inf]
1 [-inf, 0.58, inf, -0.59]
2 [-0.58, inf, -0.59, 0.58]
3 [0.58, -0.59, 0.59, -inf]
4 [inf, 0.59, -inf, -0.59]
5 [-0.57, -inf, -0.58, 0.58]

b CCW
0 [-0.0, -inf, -0.58, 0.59, inf]
1 [1.73, -0.58, 0.58, inf, -0.58]
2 [-1.75, 0.58, inf, -0.57, 0.58]
3 [0.0, inf, -0.58, 0.58, -inf]
4 [1.75, -0.58, 0.58, -inf, -0.59]
5 [-1.75, 0.58, -inf, -0.58, 0.59]

c CCW
0 [0.0, -0.58, 0.59]
1 [1.73, 0.58, -inf]
2 [-1.74, -inf, -0.58]
3 [-0.0, -0.58, 0.59]
4 [1.74, 0.59, inf]
5 [-1.75, inf, -0.59]

d CCW
0 [inf, -0.0, -inf, -0.58, 0.58]
1 [-0.58, 1.76, -0.58, 0.58, inf] 
2 [0.58, -1.76, 0.6, inf, -0.58]
3 [-inf, 0.0, inf, -0.58, 0.58]
4 [-0.58, 1.76, -0.58, 0.58, -inf]
5 [0.57, -1.74, 0.6, -inf, -0.58]

g CCW
0 [inf, -0.6, 0.58, -inf, -0.59, 0.58]
1 [-0.58, 0.59, -inf, -0.58, 0.59, inf]
2 [0.6, -inf, -0.6, 0.58, inf, -0.58]
3 [-inf, -0.59, 0.58, inf, -0.58, 0.59]
4 [-0.59, 0.59, inf, -0.59, 0.58, -inf]
5 [0.58, inf, -0.59, 0.58, -inf, -0.59]